2.425
2.474
2.481
2.489
2.490
2.494
2.495
2.496
2.506
2.510
2.513
2.519
2.519
2.520
2.526
2.529
2.531
2.532
2.533
2.534
2.538
2.541
2.543
2.550
2.552
2.557
2.557
2.557
2.559
2.562
2.563
2.565
2.569
2.570
2.570
2.572
2.573
2.573
2.574
2.578
2.580
2.582
2.582
2.583
2.583
2.583
2.584
2.587
2.591
2.593
2.594
2.594
2.598
2.599
2.602
2.603
2.603
2.605
2.605
2.606
2.606
2.607
2.608
2.608
2.608
2.608
2.609
2.609
2.612
2.613
2.615
2.616
2.619
2.621
2.626
2.626
2.627
2.628
2.628
2.630
2.630
2.631
2.632
2.635
2.635
2.638
2.641
2.647
2.649
2.652
2.653
2.654
2.666
2.667
2.677
2.679
2.727
2.754
2.757
3.000
