2.503
2.560
2.567
2.588
2.593
2.593
2.596
2.603
2.604
2.605
2.606
2.609
2.611
2.612
2.613
2.615
2.616
2.616
2.617
2.617
2.618
2.618
2.620
2.624
2.624
2.625
2.625
2.628
2.634
2.634
2.635
2.636
2.636
2.642
2.642
2.643
2.644
2.645
2.645
2.648
2.649
2.650
2.652
2.653
2.656
2.658
2.659
2.661
2.664
2.666
2.667
2.667
2.668
2.668
2.672
2.680
2.680
2.683
2.686
2.688
2.688
2.689
2.692
2.695
2.698
2.699
2.699
2.700
2.701
2.702
2.703
2.704
2.705
2.709
2.712
2.714
2.719
2.725
2.725
2.727
2.728
2.729
2.732
2.737
2.746
2.747
2.747
2.747
2.753
2.757
2.762
2.797
2.798
2.804
2.810
2.817
2.830
2.830
2.838
2.881
