2.667
2.562
2.607
2.616
2.474
2.572
2.630
2.628
2.506
2.635
2.608
2.627
2.603
2.666
2.550
2.557
2.519
2.587
2.626
2.606
2.632
2.641
2.573
2.583
2.529
2.635
2.495
2.489
2.513
2.594
2.603
2.526
2.599
2.565
2.754
2.570
2.606
2.583
2.615
2.557
2.559
2.612
2.570
2.578
2.580
2.519
2.583
2.481
2.608
2.605
2.605
2.543
2.538
2.534
2.628
2.532
2.582
2.594
2.591
2.654
2.557
2.631
2.609
2.496
2.541
2.679
2.593
2.647
2.582
2.584
2.626
2.677
2.552
2.638
2.574
2.653
2.569
2.490
2.598
2.652
2.520
2.608
2.757
2.531
2.621
3.000
2.573
2.613
2.727
2.609
2.649
2.619
2.608
2.494
2.510
2.602
2.630
2.563
2.533
2.425
