2.817
2.747
2.797
2.757
2.810
2.747
2.830
2.838
2.881
2.746
2.695
2.830
2.804
2.737
2.698
2.753
2.636
2.636
2.699
2.762
2.666
2.664
2.650
2.642
2.668
2.634
2.645
2.635
2.798
2.725
2.658
2.703
2.704
2.747
2.686
2.643
2.625
2.596
2.702
2.593
2.618
2.567
2.700
2.620
2.593
2.652
2.729
2.625
2.680
2.725
2.689
2.588
2.659
2.503
2.653
2.699
2.618
2.649
2.617
2.617
2.668
2.616
2.611
2.712
2.645
2.603
2.727
2.672
2.667
2.661
2.616
2.701
2.705
2.624
2.612
2.628
2.605
2.709
2.728
2.732
2.634
2.613
2.606
2.714
2.624
2.656
2.683
2.560
2.604
2.609
2.644
2.688
2.692
2.719
2.642
2.680
2.648
2.667
2.615
2.688
